v2.0 raw
001
A01
3
902
4
42
12
23
4
5
5
5
65
3
5
5
43
3
33
1
2
3
4
5
6
7
1
2
3
4
5
6
7
8
9
0
12
3
45
5
6
7
8
9
0
9
10
1
12
3
12
23
4
5
5
5
65
3
5
5
43
3
33
1
2
3
4
5
6
7
1
2
3
4
5
6
7
8
9
0
12
3
45
5
6
7
8
9
0
9
10
1
12
3
12
23
4
5
5
5
65
3
5
5
43
3
33
1
2
3
4
5
6
7
1
2
3
4
5
6
7
8
9
0
12
3
001
102
003
7
8
9
0
9
10
1
12
3
12
23
4
5
5
5
65
3
5
5
43
3
33
1
2
3
4
5
6
7
1
2
3
4
5
6
7
8
9
0
12
3
45
5
6
7
8
9
0
9
10
1
12
3
12
23
4
5
5
5
65
3
5
5
43
3
33
1
2
3
4
5
6
7
1
2
3
4
5
6
7
8
9
0
12
3
45
5
6
7
8
9
0
9
10
1
12
3
12
23
4
5
5
5
65
3
5
5
43
3
33
1
2
3
4
5